# Engine name: Nescius Block 0
# Thu Nov 28 22:32:10 2024
#
Ratio, O/F	pc, psi	Nozzle inlet, Ac/At	Nozzle exit	rho, kg/m³	Tc, K	M	gamma	k	c*, m/s	Is opt, s	Is vac, s	Cf opt	Cf vac	c.factor
1.1500	420.0000	13.0000	101352.9322	918.3136	2724.1147	19.7283	1.1989	1.1964	1608.2440	232.8333	259.3501	1.4198	1.5814	0.9522
1.2000	420.0000	13.0000	101352.9322	921.3953	2828.0773	20.1436	1.1897	1.1858	1627.6824	235.9839	263.0548	1.4218	1.5849	0.9527
1.2500	420.0000	13.0000	101352.9322	924.3595	2921.3745	20.5430	1.1811	1.1755	1644.0643	238.7492	266.3599	1.4241	1.5888	0.9531
1.3000	420.0000	13.0000	101352.9322	927.2126	3003.5464	20.9244	1.1736	1.1658	1657.6057	241.1745	269.3149	1.4268	1.5933	0.9534
1.3500	420.0000	13.0000	101352.9322	929.9610	3074.4223	21.2858	1.1676	1.1569	1668.2018	243.2503	271.9144	1.4300	1.5985	0.9536
1.4000	420.0000	13.0000	101352.9322	932.6101	3134.2241	21.6260	1.1633	1.1491	1675.8865	244.9815	274.1664	1.4335	1.6043	0.9537
1.4500	420.0000	13.0000	101352.9322	935.1654	3183.6112	21.9448	1.1608	1.1426	1680.9110	246.3936	276.0988	1.4375	1.6108	0.9537
1.5000	420.0000	13.0000	101352.9322	937.6316	3223.6150	22.2429	1.1598	1.1374	1683.4540	247.4825	277.7065	1.4417	1.6177	0.9537
1.5500	420.0000	13.0000	101352.9322	940.0134	3255.4823	22.5216	1.1600	1.1333	1683.8776	248.2574	278.9935	1.4458	1.6248	0.9536
1.6000	420.0000	13.0000	101352.9322	942.3150	3280.4997	22.7829	1.1610	1.1302	1682.5231	248.7187	279.9484	1.4497	1.6317	0.9535
1.6500	420.0000	13.0000	101352.9322	944.5405	3299.8623	23.0285	1.1623	1.1278	1679.5427	248.8432	280.5265	1.4530	1.6380	0.9532
1.7000	420.0000	13.0000	101352.9322	946.6935	3314.6071	23.2604	1.1638	1.1260	1675.1571	248.6365	280.7038	1.4556	1.6433	0.9526
1.7500	420.0000	13.0000	101352.9322	948.7775	3325.5953	23.4801	1.1651	1.1247	1669.7501	248.1554	280.5085	1.4574	1.6475	0.9520
1.8000	420.0000	13.0000	101352.9322	950.7957	3333.5250	23.6890	1.1663	1.1236	1663.3377	247.4139	279.9456	1.4587	1.6505	0.9510
1.8500	420.0000	13.0000	101352.9322	952.7514	3338.9545	23.8883	1.1671	1.1229	1655.6604	246.3886	279.0052	1.4594	1.6526	0.9495
1.9000	420.0000	13.0000	101352.9322	954.6472	3342.3283	24.0790	1.1677	1.1223	1647.4650	245.2247	277.8561	1.4597	1.6540	0.9479
1.9500	420.0000	13.0000	101352.9322	956.4859	3344.0004	24.2620	1.1681	1.1219	1640.0500	244.1566	276.7540	1.4599	1.6548	0.9468
2.0000	420.0000	13.0000	101352.9322	958.2701	3344.2537	24.4378	1.1683	1.1215	1633.3607	243.1856	275.7160	1.4601	1.6554	0.9462
2.0500	420.0000	13.0000	101352.9322	960.0022	3343.3153	24.6072	1.1683	1.1213	1626.9944	242.2508	274.6917	1.4602	1.6557	0.9459
2.1000	420.0000	13.0000	101352.9322	961.6843	3341.3690	24.7705	1.1681	1.1211	1620.7595	241.3246	273.6602	1.4602	1.6558	0.9456
2.1500	420.0000	13.0000	101352.9322	963.3187	3338.5641	24.9283	1.1678	1.1210	1614.6896	240.4155	272.6349	1.4601	1.6558	0.9454
2.2000	420.0000	13.0000	101352.9322	964.9073	3335.0231	25.0809	1.1674	1.1210	1608.6777	239.5076	271.6028	1.4601	1.6557	0.9452
2.2500	420.0000	13.0000	101352.9322	966.4520	3330.8472	25.2286	1.1669	1.1210	1602.8054	238.6161	270.5811	1.4600	1.6555	0.9452
2.3000	420.0000	13.0000	101352.9322	967.9547	3326.1204	25.3718	1.1663	1.1210	1596.9773	237.7258	269.5563	1.4598	1.6553	0.9451
2.3500	420.0000	13.0000	101352.9322	969.4170	3320.9127	25.5105	1.1657	1.1210	1591.3050	236.8564	268.5488	1.4597	1.6550	0.9451
2.4000	420.0000	13.0000	101352.9322	970.8405	3315.2833	25.6452	1.1651	1.1211	1585.6852	235.9907	267.5424	1.4595	1.6546	0.9450
2.4500	420.0000	13.0000	101352.9322	972.2267	3309.2821	25.7760	1.1644	1.1212	1580.2711	235.1552	266.5639	1.4593	1.6542	0.9451
2.5000	420.0000	13.0000	101352.9322	973.5771	3302.9517	25.9030	1.1637	1.1214	1574.9463	234.3304	265.5944	1.4591	1.6538	0.9452
2.5500	420.0000	13.0000	101352.9322	974.8931	3296.3282	26.0265	1.1630	1.1215	1569.7629	233.5253	264.6430	1.4589	1.6533	0.9454
2.6000	420.0000	13.0000	101352.9322	976.1759	3289.4430	26.1466	1.1623	1.1217	1564.7096	232.7382	263.7082	1.4587	1.6528	0.9455
2.6500	420.0000	13.0000	101352.9322	977.4269	3282.3229	26.2634	1.1616	1.1219	1559.8220	231.9752	262.7964	1.4584	1.6522	0.9458
2.7000	420.0000	13.0000	101352.9322	978.6471	3274.9913	26.3770	1.1609	1.1221	1555.0652	231.2306	261.9017	1.4582	1.6516	0.9461
2.7500	420.0000	13.0000	101352.9322	979.8377	3267.4685	26.4877	1.1602	1.1223	1550.4711	230.5097	261.0299	1.4580	1.6510	0.9464
2.8000	420.0000	13.0000	101352.9322	980.9998	3259.7721	26.5954	1.1595	1.1226	1546.0146	229.8084	260.1767	1.4577	1.6503	0.9469
2.8500	420.0000	13.0000	101352.9322	982.1343	3251.9179	26.7004	1.1588	1.1228	1541.7103	229.1293	259.3448	1.4575	1.6497	0.9473
2.9000	420.0000	13.0000	101352.9322	983.2423	3243.9193	26.8026	1.1582	1.1231	1537.5578	228.4723	258.5341	1.4572	1.6489	0.9478
2.9500	420.0000	13.0000	101352.9322	984.3246	3235.7885	26.9022	1.1576	1.1234	1533.5273	227.8325	257.7398	1.4570	1.6482	0.9484
3.0000	420.0000	13.0000	101352.9322	985.3822	3227.5362	26.9993	1.1570	1.1237	1529.5862	227.2044	256.9565	1.4567	1.6474	0.9490
3.0500	420.0000	13.0000	101352.9322	986.4158	3219.1718	27.0939	1.1564	1.1240	1525.8428	226.6062	256.2025	1.4564	1.6466	0.9497
3.1000	420.0000	13.0000	101352.9322	987.4263	3210.7037	27.1862	1.1559	1.1244	1522.1666	226.0162	255.4560	1.4561	1.6458	0.9504
3.1500	420.0000	13.0000	101352.9322	988.4145	3202.1395	27.2762	1.1553	1.1247	1517.5536	225.2660	254.5487	1.4557	1.6449	0.9505
3.2000	420.0000	13.0000	101352.9322	989.3810	3193.4859	27.3639	1.1548	1.1251	1512.8543	224.4985	253.6236	1.4552	1.6440	0.9505
3.2500	420.0000	13.0000	101352.9322	990.3267	3184.7490	27.4495	1.1544	1.1255	1508.2032	223.7363	252.7034	1.4548	1.6431	0.9505
3.3000	420.0000	13.0000	101352.9322	991.2521	3175.9342	27.5330	1.1540	1.1259	1503.5987	222.9793	251.7881	1.4543	1.6422	0.9505
