100.000	3797689385.735	99.100	99.100	99.100	37.700	99.100	99.100	99.100	37.700	37.700	99.100
100.000	3797689385.835	99.100	99.100	99.100	37.700	99.100	99.100	99.100	37.700	37.700	99.100
100.000	3797689385.935	99.100	99.100	99.100	37.700	99.100	99.100	99.100	37.700	37.700	99.100
100.000	3797689386.036	99.100	99.100	99.100	37.700	99.100	99.100	99.100	37.700	37.700	99.100
100.000	3797689386.136	99.100	99.100	99.100	37.700	99.100	99.100	99.100	37.700	37.700	99.100
100.000	3797689386.235	99.100	99.100	99.100	37.700	99.100	99.100	99.100	37.700	37.700	99.100
100.000	3797689386.335	99.100	99.100	99.100	37.700	99.100	99.100	99.100	37.700	37.700	99.100
100.000	3797689386.435	99.100	99.100	99.100	37.700	99.100	99.100	99.100	37.700	37.700	99.100
100.000	3797689386.536	99.100	99.100	99.100	37.700	99.100	99.100	99.100	37.700	37.700	99.100
100.000	3797689386.636	99.100	99.100	99.100	37.700	99.100	99.100	99.100	37.700	37.700	99.100
100.000	3797689386.735	99.100	99.100	99.100	37.700	99.100	99.100	99.100	37.700	37.700	99.100
100.000	3797689386.835	99.100	99.100	99.100	37.700	99.100	99.100	99.100	37.700	37.700	99.100
100.000	3797689386.936	99.100	99.100	99.100	37.700	99.100	99.100	99.100	37.700	37.700	99.100
100.000	3797689387.035	99.100	99.100	99.100	37.700	99.100	99.100	99.100	37.700	37.700	99.100
100.000	3797689387.137	99.100	99.100	99.100	37.700	99.100	99.100	99.100	37.700	37.700	99.100
100.000	3797689387.237	99.100	99.100	99.100	37.700	99.100	99.100	99.100	37.700	37.700	99.100
100.000	3797689387.337	99.100	99.100	99.100	37.700	99.100	99.100	99.100	37.700	37.700	99.100
100.000	3797689387.436	99.100	99.100	99.100	37.700	99.100	99.100	99.100	37.700	37.700	99.100
100.000	3797689387.537	99.100	99.100	99.100	37.700	99.100	99.100	99.100	37.700	37.700	99.100
100.000	3797689387.636	99.100	99.100	99.100	37.700	99.100	99.100	99.100	37.700	37.700	99.100
100.000	3797689387.737	99.100	99.100	99.100	37.700	99.100	99.100	99.100	37.700	37.700	99.100
100.000	3797689387.837	99.100	99.100	99.100	37.700	99.100	99.100	99.100	37.700	37.700	99.100
100.000	3797689387.936	99.100	99.100	99.100	37.700	99.100	99.100	99.100	37.700	37.700	99.100
100.000	3797689388.037	99.100	99.100	99.100	37.700	99.100	99.100	99.100	37.700	37.700	99.100
100.000	3797689388.137	99.100	99.100	99.100	37.700	99.100	99.100	99.100	37.700	37.700	99.100
100.000	3797689388.237	99.100	99.100	99.100	37.700	99.100	99.100	99.100	37.700	37.700	99.100
100.000	3797689388.338	99.100	99.100	99.100	37.700	99.100	99.100	99.100	37.700	37.700	99.100
100.000	3797689388.438	99.100	99.100	99.100	37.700	99.100	99.100	99.100	37.700	37.700	99.100
100.000	3797689388.538	99.100	99.100	99.100	37.700	99.100	99.100	99.100	37.700	37.700	99.100
100.000	3797689388.638	99.100	99.100	99.100	37.700	99.100	99.100	99.100	37.700	37.700	99.100
100.000	3797689388.738	99.100	99.100	99.100	37.700	99.100	99.100	99.100	37.700	37.700	99.100
100.000	3797689388.838	99.100	99.100	99.100	37.700	99.100	99.100	99.100	37.700	37.700	99.100
100.000	3797689388.939	99.100	99.100	99.100	37.700	99.100	99.100	99.100	37.700	37.700	99.100
100.000	3797689389.039	99.100	99.100	99.100	37.700	99.100	99.100	99.100	37.700	37.700	99.100
100.000	3797689389.139	99.100	99.100	99.100	37.700	99.100	99.100	99.100	37.700	37.700	99.100
100.000	3797689389.239	99.100	99.100	99.100	37.700	99.100	99.100	99.100	37.700	37.700	99.100
100.000	3797689389.339	99.100	99.100	99.100	37.700	99.100	99.100	99.100	37.700	37.700	99.100
100.000	3797689389.439	99.100	99.100	99.100	37.700	99.100	99.100	99.100	37.700	37.700	99.100
100.000	3797689389.539	99.100	99.100	99.100	37.700	99.100	99.100	99.100	37.700	37.700	99.100
100.000	3797689389.639	99.100	99.100	99.100	37.700	99.100	99.100	99.100	37.700	37.700	99.100
100.000	3797689389.739	99.100	99.100	99.100	37.700	99.100	99.100	99.100	37.700	37.700	99.100
100.000	3797689389.840	99.100	99.100	99.100	37.700	99.100	99.100	99.100	37.700	37.700	99.100
100.000	3797689389.939	99.100	99.100	99.100	37.700	99.100	99.100	99.100	37.700	37.700	99.100
100.000	3797689390.039	99.100	99.100	99.100	37.700	99.100	99.100	99.100	37.700	37.700	99.100
100.000	3797689390.140	99.100	99.100	99.100	37.700	99.100	99.100	99.100	37.700	37.700	99.100
100.000	3797689390.240	99.100	99.100	99.100	37.700	99.100	99.100	99.100	37.700	37.700	99.100
100.000	3797689390.341	99.100	99.100	99.100	37.700	99.100	99.100	99.100	37.700	37.700	99.100
100.000	3797689390.442	99.100	99.100	99.100	37.700	99.100	99.100	99.100	37.700	37.700	99.100
100.000	3797689390.542	99.100	99.100	99.100	37.700	99.100	99.100	99.100	37.700	37.700	99.100
100.000	3797689390.642	99.100	99.100	99.100	37.700	99.100	99.100	99.100	37.700	37.700	99.100
100.000	3797689390.741	99.100	99.100	99.100	37.700	99.100	99.100	99.100	37.700	37.700	99.100
100.000	3797689390.842	99.100	99.100	99.100	37.700	99.100	99.100	99.100	37.700	37.700	99.100
100.000	3797689390.942	99.100	99.100	99.100	37.700	99.100	99.100	99.100	37.700	37.700	99.100
100.000	3797689391.043	99.100	99.100	99.100	37.700	99.100	99.100	99.100	37.700	37.700	99.100
100.000	3797689391.144	99.100	99.100	99.100	37.700	99.100	99.100	99.100	37.700	37.700	99.100
100.000	3797689391.245	99.100	99.100	99.100	37.700	99.100	99.100	99.100	37.700	37.700	99.100
100.000	3797689391.346	99.100	99.100	99.100	37.700	99.100	99.100	99.100	37.700	37.700	99.100
100.000	3797689391.446	99.100	99.100	99.100	37.700	99.100	99.100	99.100	37.700	37.700	99.100
100.000	3797689391.546	99.100	99.100	99.100	37.700	99.100	99.100	99.100	37.700	37.700	99.100
100.000	3797689391.647	99.100	99.100	99.100	37.700	99.100	99.100	99.100	37.700	37.700	99.100
100.000	3797689391.748	99.100	99.100	99.100	37.700	99.100	99.100	99.100	37.700	37.700	99.100
100.000	3797689391.849	99.100	99.100	99.100	37.700	99.100	99.100	99.100	37.700	37.700	99.100
100.000	3797689391.948	99.100	99.100	99.100	37.700	99.100	99.100	99.100	37.700	37.700	99.100
100.000	3797689392.049	99.100	99.100	99.100	37.700	99.100	99.100	99.100	37.700	37.700	99.100
100.000	3797689392.149	99.100	99.100	99.100	37.700	99.100	99.100	99.100	37.700	37.700	99.100
100.000	3797689392.248	99.100	99.100	99.100	37.700	99.100	99.100	99.100	37.700	37.700	99.100
100.000	3797689392.349	99.100	99.100	99.100	37.700	99.100	99.100	99.100	37.700	37.700	99.100
100.000	3797689392.449	99.100	99.100	99.100	37.700	99.100	99.100	99.100	37.700	37.700	99.100
100.000	3797689392.549	99.100	99.100	99.100	37.700	99.100	99.100	99.100	37.700	37.700	99.100
100.000	3797689392.650	99.100	99.100	99.100	37.700	99.100	99.100	99.100	37.700	37.700	99.100
100.000	3797689392.750	99.100	99.100	99.100	37.700	99.100	99.100	99.100	37.700	37.700	99.100
100.000	3797689392.849	99.100	99.100	99.100	37.700	99.100	99.100	99.100	37.700	37.700	99.100
100.000	3797689392.950	99.100	99.100	99.100	37.700	99.100	99.100	99.100	37.700	37.700	99.100
100.000	3797689393.050	99.100	99.100	99.100	37.700	99.100	99.100	99.100	37.700	37.700	99.100
100.000	3797689393.150	99.100	99.100	99.100	37.700	99.100	99.100	99.100	37.700	37.700	99.100
100.000	3797689393.249	99.100	99.100	99.100	37.700	99.100	99.100	99.100	37.700	37.700	99.100
100.000	3797689393.350	99.100	99.100	99.100	37.700	99.100	99.100	99.100	37.700	37.700	99.100
100.000	3797689393.449	99.100	99.100	99.100	37.700	99.100	99.100	99.100	37.700	37.700	99.100
100.000	3797689393.551	99.100	99.100	99.100	37.700	99.100	99.100	99.100	37.700	37.700	99.100
100.000	3797689393.651	99.100	99.100	99.100	37.700	99.100	99.100	99.100	37.700	37.700	99.100
100.000	3797689393.751	99.100	99.100	99.100	37.700	99.100	99.100	99.100	37.700	37.700	99.100
100.000	3797689393.852	99.100	99.100	99.100	37.700	99.100	99.100	99.100	37.700	37.700	99.100
100.000	3797689393.951	99.100	99.100	99.100	37.700	99.100	99.100	99.100	37.700	37.700	99.100
100.000	3797689394.053	99.100	99.100	99.100	37.700	99.100	99.100	99.100	37.700	37.700	99.100
100.000	3797689394.154	99.100	99.100	99.100	37.700	99.100	99.100	99.100	37.700	37.700	99.100
100.000	3797689394.255	99.100	99.100	99.100	37.700	99.100	99.100	99.100	37.700	37.700	99.100
100.000	3797689394.357	99.100	99.100	99.100	37.700	99.100	99.100	99.100	37.700	37.700	99.100
100.000	3797689394.456	99.100	99.100	99.100	37.700	99.100	99.100	99.100	37.700	37.700	99.100
100.000	3797689394.558	99.100	99.100	99.100	37.700	99.100	99.100	99.100	37.700	37.700	99.100
100.000	3797689394.657	99.100	99.100	99.100	37.700	99.100	99.100	99.100	37.700	37.700	99.100
100.000	3797689394.758	99.100	99.100	99.100	37.700	99.100	99.100	99.100	37.700	37.700	99.100
100.000	3797689394.858	99.100	99.100	99.100	37.700	99.100	99.100	99.100	37.700	37.700	99.100
100.000	3797689394.957	99.100	99.100	99.100	37.700	99.100	99.100	99.100	37.700	37.700	99.100
100.000	3797689395.058	99.100	99.100	99.100	37.700	99.100	99.100	99.100	37.700	37.700	99.100
100.000	3797689395.157	99.100	99.100	99.100	37.700	99.100	99.100	99.100	37.700	37.700	99.100
100.000	3797689395.259	99.100	99.100	99.100	37.700	99.100	99.100	99.100	37.700	37.700	99.100
100.000	3797689395.359	99.100	99.100	99.100	37.700	99.100	99.100	99.100	37.700	37.700	99.100
100.000	3797689395.459	99.100	99.100	99.100	37.700	99.100	99.100	99.100	37.700	37.700	99.100
100.000	3797689395.560	99.100	99.100	99.100	37.700	99.100	99.100	99.100	37.700	37.700	99.100
0.000	3797689404.703	99.100	99.100	99.100	37.700	99.100	99.100	99.100	37.700	37.700	99.100
0.000	3797689404.704	99.100	99.100	99.100	37.700	99.100	99.100	99.100	37.700	37.700	99.100
0.000	3797689404.710	99.100	99.100	99.100	37.700	99.100	99.100	99.100	37.700	37.700	99.100
0.000	3797689404.717	99.100	99.100	99.100	37.700	99.100	99.100	99.100	37.700	37.700	99.100
0.000	3797689404.723	99.100	99.100	99.100	37.700	99.100	99.100	99.100	37.700	37.700	99.100
0.000	3797689404.730	99.100	99.100	99.100	37.700	99.100	99.100	99.100	37.700	37.700	99.100
0.000	3797689404.736	99.100	99.100	99.100	37.700	99.100	99.100	99.100	37.700	37.700	99.100
0.000	3797689404.742	99.100	99.100	99.100	37.700	99.100	99.100	99.100	37.700	37.700	99.100
0.000	3797689404.750	99.100	99.100	99.100	37.700	99.100	99.100	99.100	37.700	37.700	99.100
0.000	3797689404.756	99.100	99.100	99.100	37.700	99.100	99.100	99.100	37.700	37.700	99.100
0.000	3797689404.762	99.100	99.100	99.100	37.700	99.100	99.100	99.100	37.700	37.700	99.100
0.000	3797689404.769	99.100	99.100	99.100	37.700	99.100	99.100	99.100	37.700	37.700	99.100
0.000	3797689404.775	99.100	99.100	99.100	37.700	99.100	99.100	99.100	37.700	37.700	99.100
0.000	3797689404.782	99.100	99.100	99.100	37.700	99.100	99.100	99.100	37.700	37.700	99.100
0.000	3797689404.789	99.100	99.100	99.100	37.700	99.100	99.100	99.100	37.700	37.700	99.100
0.000	3797689404.795	99.100	99.100	99.100	37.700	99.100	99.100	99.100	37.700	37.700	99.100
0.000	3797689404.802	99.100	99.100	99.100	37.700	99.100	99.100	99.100	37.700	37.700	99.100
0.000	3797689404.808	99.100	99.100	99.100	37.700	99.100	99.100	99.100	37.700	37.700	99.100
0.000	3797689404.814	99.100	99.100	99.100	37.700	99.100	99.100	99.100	37.700	37.700	99.100
0.000	3797689404.820	99.100	99.100	99.100	37.700	99.100	99.100	99.100	37.700	37.700	99.100
0.000	3797689404.827	99.100	99.100	99.100	37.700	99.100	99.100	99.100	37.700	37.700	99.100
0.000	3797689404.834	99.100	99.100	99.100	37.700	99.100	99.100	99.100	37.700	37.700	99.100
0.000	3797689404.840	99.100	99.100	99.100	37.700	99.100	99.100	99.100	37.700	37.700	99.100
0.000	3797689404.847	99.100	99.100	99.100	37.700	99.100	99.100	99.100	37.700	37.700	99.100
0.000	3797689404.853	99.100	99.100	99.100	37.700	99.100	99.100	99.100	37.700	37.700	99.100
0.000	3797689404.865	99.100	99.100	99.100	37.700	99.100	99.100	99.100	37.700	37.700	99.100
0.000	3797689404.866	99.100	99.100	99.100	37.700	99.100	99.100	99.100	37.700	37.700	99.100
0.000	3797689404.872	99.100	99.100	99.100	37.700	99.100	99.100	99.100	37.700	37.700	99.100
0.000	3797689404.879	99.100	99.100	99.100	37.700	99.100	99.100	99.100	37.700	37.700	99.100
0.000	3797689404.886	99.100	99.100	99.100	37.700	99.100	99.100	99.100	37.700	37.700	99.100
0.000	3797689404.893	99.100	99.100	99.100	37.700	99.100	99.100	99.100	37.700	37.700	99.100
0.000	3797689404.900	99.100	99.100	99.100	37.700	99.100	99.100	99.100	37.700	37.700	99.100
0.000	3797689404.906	99.100	99.100	99.100	37.700	99.100	99.100	99.100	37.700	37.700	99.100
0.000	3797689404.913	99.100	99.100	99.100	37.700	99.100	99.100	99.100	37.700	37.700	99.100
0.000	3797689404.920	99.100	99.100	99.100	37.700	99.100	99.100	99.100	37.700	37.700	99.100
0.000	3797689404.928	99.100	99.100	99.100	37.700	99.100	99.100	99.100	37.700	37.700	99.100
0.000	3797689404.935	99.100	99.100	99.100	37.700	99.100	99.100	99.100	37.700	37.700	99.100
0.000	3797689404.941	99.100	99.100	99.100	37.700	99.100	99.100	99.100	37.700	37.700	99.100
0.000	3797689404.948	99.100	99.100	99.100	37.700	99.100	99.100	99.100	37.700	37.700	99.100
0.000	3797689404.955	99.100	99.100	99.100	37.700	99.100	99.100	99.100	37.700	37.700	99.100
0.000	3797689404.961	99.100	99.100	99.100	37.700	99.100	99.100	99.100	37.700	37.700	99.100
0.000	3797689404.968	99.100	99.100	99.100	37.700	99.100	99.100	99.100	37.700	37.700	99.100
0.000	3797689404.974	99.100	99.100	99.100	37.700	99.100	99.100	99.100	37.700	37.700	99.100
0.000	3797689404.980	99.100	99.100	99.100	37.700	99.100	99.100	99.100	37.700	37.700	99.100
0.000	3797689404.987	99.100	99.100	99.100	37.700	99.100	99.100	99.100	37.700	37.700	99.100
0.000	3797689404.993	99.100	99.100	99.100	37.700	99.100	99.100	99.100	37.700	37.700	99.100
0.000	3797689405.000	99.100	99.100	99.100	37.700	99.100	99.100	99.100	37.700	37.700	99.100
0.000	3797689405.006	99.100	99.100	99.100	37.700	99.100	99.100	99.100	37.700	37.700	99.100
0.000	3797689405.013	99.100	99.100	99.100	37.700	99.100	99.100	99.100	37.700	37.700	99.100
0.000	3797689405.020	99.100	99.100	99.100	37.700	99.100	99.100	99.100	37.700	37.700	99.100
0.000	3797689405.027	99.100	99.100	99.100	37.700	99.100	99.100	99.100	37.700	37.700	99.100
0.000	3797689405.034	99.100	99.100	99.100	37.700	99.100	99.100	99.100	37.700	37.700	99.100
0.000	3797689405.041	99.100	99.100	99.100	37.700	99.100	99.100	99.100	37.700	37.700	99.100
0.000	3797689405.047	99.100	99.100	99.100	37.700	99.100	99.100	99.100	37.700	37.700	99.100
0.000	3797689405.053	99.100	99.100	99.100	37.700	99.100	99.100	99.100	37.700	37.700	99.100
0.000	3797689405.060	99.100	99.100	99.100	37.700	99.100	99.100	99.100	37.700	37.700	99.100
0.000	3797689405.067	99.100	99.100	99.100	37.700	99.100	99.100	99.100	37.700	37.700	99.100
0.000	3797689405.073	99.100	99.100	99.100	37.700	99.100	99.100	99.100	37.700	37.700	99.100
0.000	3797689405.080	99.100	99.100	99.100	37.700	99.100	99.100	99.100	37.700	37.700	99.100
0.000	3797689405.087	99.100	99.100	99.100	37.700	99.100	99.100	99.100	37.700	37.700	99.100
0.000	3797689405.094	99.100	99.100	99.100	37.700	99.100	99.100	99.100	37.700	37.700	99.100
0.000	3797689405.101	99.100	99.100	99.100	37.700	99.100	99.100	99.100	37.700	37.700	99.100
0.000	3797689405.107	99.100	99.100	99.100	37.700	99.100	99.100	99.100	37.700	37.700	99.100
0.000	3797689405.114	99.100	99.100	99.100	37.700	99.100	99.100	99.100	37.700	37.700	99.100
0.000	3797689405.121	99.100	99.100	99.100	37.700	99.100	99.100	99.100	37.700	37.700	99.100
0.000	3797689405.128	99.100	99.100	99.100	37.700	99.100	99.100	99.100	37.700	37.700	99.100
0.000	3797689405.134	99.100	99.100	99.100	37.700	99.100	99.100	99.100	37.700	37.700	99.100
0.000	3797689405.141	99.100	99.100	99.100	37.700	99.100	99.100	99.100	37.700	37.700	99.100
0.000	3797689405.148	99.100	99.100	99.100	37.700	99.100	99.100	99.100	37.700	37.700	99.100
0.000	3797689405.154	99.100	99.100	99.100	37.700	99.100	99.100	99.100	37.700	37.700	99.100
0.000	3797689405.161	99.100	99.100	99.100	37.700	99.100	99.100	99.100	37.700	37.700	99.100
0.000	3797689405.168	99.100	99.100	99.100	37.700	99.100	99.100	99.100	37.700	37.700	99.100
0.000	3797689405.174	99.100	99.100	99.100	37.700	99.100	99.100	99.100	37.700	37.700	99.100
0.000	3797689405.181	99.100	99.100	99.100	37.700	99.100	99.100	99.100	37.700	37.700	99.100
0.000	3797689405.188	99.100	99.100	99.100	37.700	99.100	99.100	99.100	37.700	37.700	99.100
0.000	3797689405.194	99.100	99.100	99.100	37.700	99.100	99.100	99.100	37.700	37.700	99.100
0.000	3797689405.201	99.100	99.100	99.100	37.700	99.100	99.100	99.100	37.700	37.700	99.100
0.000	3797689405.208	99.100	99.100	99.100	37.700	99.100	99.100	99.100	37.700	37.700	99.100
0.000	3797689405.215	99.100	99.100	99.100	37.700	99.100	99.100	99.100	37.700	37.700	99.100
0.000	3797689405.222	99.100	99.100	99.100	37.700	99.100	99.100	99.100	37.700	37.700	99.100
0.000	3797689405.229	99.100	99.100	99.100	37.700	99.100	99.100	99.100	37.700	37.700	99.100
0.000	3797689405.236	99.100	99.100	99.100	37.700	99.100	99.100	99.100	37.700	37.700	99.100
0.000	3797689405.243	99.100	99.100	99.100	37.700	99.100	99.100	99.100	37.700	37.700	99.100
0.000	3797689405.249	99.100	99.100	99.100	37.700	99.100	99.100	99.100	37.700	37.700	99.100
0.000	3797689405.255	99.100	99.100	99.100	37.700	99.100	99.100	99.100	37.700	37.700	99.100
0.000	3797689405.262	99.100	99.100	99.100	37.700	99.100	99.100	99.100	37.700	37.700	99.100
0.000	3797689405.269	99.100	99.100	99.100	37.700	99.100	99.100	99.100	37.700	37.700	99.100
0.000	3797689405.275	99.100	99.100	99.100	37.700	99.100	99.100	99.100	37.700	37.700	99.100
0.000	3797689405.282	99.100	99.100	99.100	37.700	99.100	99.100	99.100	37.700	37.700	99.100
0.000	3797689405.289	99.100	99.100	99.100	37.700	99.100	99.100	99.100	37.700	37.700	99.100
0.000	3797689405.296	99.100	99.100	99.100	37.700	99.100	99.100	99.100	37.700	37.700	99.100
0.000	3797689405.302	99.100	99.100	99.100	37.700	99.100	99.100	99.100	37.700	37.700	99.100
0.000	3797689405.309	99.100	99.100	99.100	37.700	99.100	99.100	99.100	37.700	37.700	99.100
0.000	3797689405.315	99.100	99.100	99.100	37.700	99.100	99.100	99.100	37.700	37.700	99.100
0.000	3797689405.322	99.100	99.100	99.100	37.700	99.100	99.100	99.100	37.700	37.700	99.100
0.000	3797689405.329	99.100	99.100	99.100	37.700	99.100	99.100	99.100	37.700	37.700	99.100
0.000	3797689405.335	99.100	99.100	99.100	37.700	99.100	99.100	99.100	37.700	37.700	99.100
0.000	3797689405.342	99.100	99.100	99.100	37.700	99.100	99.100	99.100	37.700	37.700	99.100
0.000	3797689405.349	99.100	99.100	99.100	37.700	99.100	99.100	99.100	37.700	37.700	99.100
0.000	3797689405.356	99.100	99.100	99.100	37.700	99.100	99.100	99.100	37.700	37.700	99.100
0.000	3797689405.363	99.100	99.100	99.100	37.700	99.100	99.100	99.100	37.700	37.700	99.100
0.000	3797689405.370	99.100	99.100	99.100	37.700	99.100	99.100	99.100	37.700	37.700	99.100
0.000	3797689405.377	99.100	99.100	99.100	37.700	99.100	99.100	99.100	37.700	37.700	99.100
0.000	3797689405.384	99.100	99.100	99.100	37.700	99.100	99.100	99.100	37.700	37.700	99.100
0.000	3797689405.391	99.100	99.100	99.100	37.700	99.100	99.100	99.100	37.700	37.700	99.100
0.000	3797689405.397	99.100	99.100	99.100	37.700	99.100	99.100	99.100	37.700	37.700	99.100
0.000	3797689405.404	99.100	99.100	99.100	37.700	99.100	99.100	99.100	37.700	37.700	99.100
0.000	3797689405.411	99.100	99.100	99.100	37.700	99.100	99.100	99.100	37.700	37.700	99.100
0.000	3797689405.417	99.100	99.100	99.100	37.700	99.100	99.100	99.100	37.700	37.700	99.100
0.000	3797689405.424	99.100	99.100	99.100	37.700	99.100	99.100	99.100	37.700	37.700	99.100
0.000	3797689405.431	99.100	99.100	99.100	37.700	99.100	99.100	99.100	37.700	37.700	99.100
0.000	3797689405.437	99.100	99.100	99.100	37.700	99.100	99.100	99.100	37.700	37.700	99.100
0.000	3797689405.444	99.100	99.100	99.100	37.700	99.100	99.100	99.100	37.700	37.700	99.100
0.000	3797689405.450	99.100	99.100	99.100	37.700	99.100	99.100	99.100	37.700	37.700	99.100
0.000	3797689405.457	99.100	99.100	99.100	37.700	99.100	99.100	99.100	37.700	37.700	99.100
0.000	3797689405.464	99.100	99.100	99.100	37.700	99.100	99.100	99.100	37.700	37.700	99.100
0.000	3797689405.471	99.100	99.100	99.100	37.700	99.100	99.100	99.100	37.700	37.700	99.100
0.000	3797689405.478	99.100	99.100	99.100	37.700	99.100	99.100	99.100	37.700	37.700	99.100
0.000	3797689405.485	99.100	99.100	99.100	37.700	99.100	99.100	99.100	37.700	37.700	99.100
0.000	3797689405.491	99.100	99.100	99.100	37.700	99.100	99.100	99.100	37.700	37.700	99.100
0.000	3797689405.498	99.100	99.100	99.100	37.700	99.100	99.100	99.100	37.700	37.700	99.100
0.000	3797689405.505	99.100	99.100	99.100	37.700	99.100	99.100	99.100	37.700	37.700	99.100
0.000	3797689405.511	99.100	99.100	99.100	37.700	99.100	99.100	99.100	37.700	37.700	99.100
0.000	3797689405.518	99.100	99.100	99.100	37.700	99.100	99.100	99.100	37.700	37.700	99.100
0.000	3797689405.526	99.100	99.100	99.100	37.700	99.100	99.100	99.100	37.700	37.700	99.100
0.000	3797689405.532	99.100	99.100	99.100	37.700	99.100	99.100	99.100	37.700	37.700	99.100
0.000	3797689405.539	99.100	99.100	99.100	37.700	99.100	99.100	99.100	37.700	37.700	99.100
0.000	3797689405.545	99.100	99.100	99.100	37.700	99.100	99.100	99.100	37.700	37.700	99.100
0.000	3797689405.552	99.100	99.100	99.100	37.700	99.100	99.100	99.100	37.700	37.700	99.100
0.000	3797689405.559	99.100	99.100	99.100	37.700	99.100	99.100	99.100	37.700	37.700	99.100
0.000	3797689405.565	99.100	99.100	99.100	37.700	99.100	99.100	99.100	37.700	37.700	99.100
0.000	3797689405.572	99.100	99.100	99.100	37.700	99.100	99.100	99.100	37.700	37.700	99.100
0.000	3797689405.578	99.100	99.100	99.100	37.700	99.100	99.100	99.100	37.700	37.700	99.100
0.000	3797689405.585	99.100	99.100	99.100	37.700	99.100	99.100	99.100	37.700	37.700	99.100
0.000	3797689405.591	99.100	99.100	99.100	37.700	99.100	99.100	99.100	37.700	37.700	99.100
0.000	3797689405.598	99.100	99.100	99.100	37.700	99.100	99.100	99.100	37.700	37.700	99.100
0.000	3797689405.605	99.100	99.100	99.100	37.700	99.100	99.100	99.100	37.700	37.700	99.100
0.000	3797689405.612	99.100	99.100	99.100	37.700	99.100	99.100	99.100	37.700	37.700	99.100
0.000	3797689405.619	99.100	99.100	99.100	37.700	99.100	99.100	99.100	37.700	37.700	99.100
0.000	3797689405.626	99.100	99.100	99.100	37.700	99.100	99.100	99.100	37.700	37.700	99.100
0.000	3797689405.632	99.100	99.100	99.100	37.700	99.100	99.100	99.100	37.700	37.700	99.100
0.000	3797689405.639	99.100	99.100	99.100	37.700	99.100	99.100	99.100	37.700	37.700	99.100
0.000	3797689405.646	99.100	99.100	99.100	37.700	99.100	99.100	99.100	37.700	37.700	99.100
0.000	3797689405.652	99.100	99.100	99.100	37.700	99.100	99.100	99.100	37.700	37.700	99.100
0.000	3797689405.659	99.100	99.100	99.100	37.700	99.100	99.100	99.100	37.700	37.700	99.100
0.000	3797689405.665	99.100	99.100	99.100	37.700	99.100	99.100	99.100	37.700	37.700	99.100
0.000	3797689405.678	99.100	99.100	99.100	37.700	99.100	99.100	99.100	37.700	37.700	99.100
0.000	3797689405.679	99.100	99.100	99.100	37.700	99.100	99.100	99.100	37.700	37.700	99.100
0.000	3797689405.685	99.100	99.100	99.100	37.700	99.100	99.100	99.100	37.700	37.700	99.100
0.000	3797689405.692	99.100	99.100	99.100	37.700	99.100	99.100	99.100	37.700	37.700	99.100
0.000	3797689405.699	99.100	99.100	99.100	37.700	99.100	99.100	99.100	37.700	37.700	99.100
0.000	3797689405.706	99.100	99.100	99.100	37.700	99.100	99.100	99.100	37.700	37.700	99.100
0.000	3797689405.713	99.100	99.100	99.100	37.700	99.100	99.100	99.100	37.700	37.700	99.100
0.000	3797689405.719	99.100	99.100	99.100	37.700	99.100	99.100	99.100	37.700	37.700	99.100
0.000	3797689405.725	99.100	99.100	99.100	37.700	99.100	99.100	99.100	37.700	37.700	99.100
0.000	3797689405.732	99.100	99.100	99.100	37.700	99.100	99.100	99.100	37.700	37.700	99.100
0.000	3797689405.738	99.100	99.100	99.100	37.700	99.100	99.100	99.100	37.700	37.700	99.100
0.000	3797689405.745	99.100	99.100	99.100	37.700	99.100	99.100	99.100	37.700	37.700	99.100
0.000	3797689405.752	99.100	99.100	99.100	37.700	99.100	99.100	99.100	37.700	37.700	99.100
0.000	3797689405.759	99.100	99.100	99.100	37.700	99.100	99.100	99.100	37.700	37.700	99.100
0.000	3797689405.766	99.100	99.100	99.100	37.700	99.100	99.100	99.100	37.700	37.700	99.100
0.000	3797689405.772	99.100	99.100	99.100	37.700	99.100	99.100	99.100	37.700	37.700	99.100
0.000	3797689405.779	99.100	99.100	99.100	37.700	99.100	99.100	99.100	37.700	37.700	99.100
0.000	3797689405.786	99.100	99.100	99.100	37.700	99.100	99.100	99.100	37.700	37.700	99.100
0.000	3797689405.792	99.100	99.100	99.100	37.700	99.100	99.100	99.100	37.700	37.700	99.100
0.000	3797689405.799	99.100	99.100	99.100	37.700	99.100	99.100	99.100	37.700	37.700	99.100
0.000	3797689405.805	99.100	99.100	99.100	37.700	99.100	99.100	99.100	37.700	37.700	99.100
0.000	3797689405.812	99.100	99.100	99.100	37.700	99.100	99.100	99.100	37.700	37.700	99.100
0.000	3797689405.819	99.100	99.100	99.100	37.700	99.100	99.100	99.100	37.700	37.700	99.100
0.000	3797689405.826	99.100	99.100	99.100	37.700	99.100	99.100	99.100	37.700	37.700	99.100
0.000	3797689405.833	99.100	99.100	99.100	37.700	99.100	99.100	99.100	37.700	37.700	99.100
0.000	3797689405.839	99.100	99.100	99.100	37.700	99.100	99.100	99.100	37.700	37.700	99.100
0.000	3797689405.846	99.100	99.100	99.100	37.700	99.100	99.100	99.100	37.700	37.700	99.100
0.000	3797689405.852	99.100	99.100	99.100	37.700	99.100	99.100	99.100	37.700	37.700	99.100
0.000	3797689405.859	99.100	99.100	99.100	37.700	99.100	99.100	99.100	37.700	37.700	99.100
0.000	3797689405.865	99.100	99.100	99.100	37.700	99.100	99.100	99.100	37.700	37.700	99.100
0.000	3797689405.873	99.100	99.100	99.100	37.700	99.100	99.100	99.100	37.700	37.700	99.100
0.000	3797689405.879	99.100	99.100	99.100	37.700	99.100	99.100	99.100	37.700	37.700	99.100
0.000	3797689405.886	99.100	99.100	99.100	37.700	99.100	99.100	99.100	37.700	37.700	99.100
0.000	3797689405.892	99.100	99.100	99.100	37.700	99.100	99.100	99.100	37.700	37.700	99.100
0.000	3797689405.901	99.100	99.100	99.100	37.700	99.100	99.100	99.100	37.700	37.700	99.100
0.000	3797689405.909	99.100	99.100	99.100	37.700	99.100	99.100	99.100	37.700	37.700	99.100
0.000	3797689405.917	99.100	99.100	99.100	37.700	99.100	99.100	99.100	37.700	37.700	99.100
0.000	3797689405.925	99.100	99.100	99.100	37.700	99.100	99.100	99.100	37.700	37.700	99.100
0.000	3797689405.933	99.100	99.100	99.100	37.700	99.100	99.100	99.100	37.700	37.700	99.100
0.000	3797689405.939	99.100	99.100	99.100	37.700	99.100	99.100	99.100	37.700	37.700	99.100
0.000	3797689405.946	99.100	99.100	99.100	37.700	99.100	99.100	99.100	37.700	37.700	99.100
0.000	3797689405.953	99.100	99.100	99.100	37.700	99.100	99.100	99.100	37.700	37.700	99.100
0.000	3797689405.960	99.100	99.100	99.100	37.700	99.100	99.100	99.100	37.700	37.700	99.100
0.000	3797689405.967	99.100	99.100	99.100	37.700	99.100	99.100	99.100	37.700	37.700	99.100
0.000	3797689405.981	99.100	99.100	99.100	37.700	99.100	99.100	99.100	37.700	37.700	99.100
0.000	3797689405.988	99.100	99.100	99.100	37.700	99.100	99.100	99.100	37.700	37.700	99.100
0.000	3797689405.995	99.100	99.100	99.100	37.700	99.100	99.100	99.100	37.700	37.700	99.100
0.000	3797689406.001	99.100	99.100	99.100	37.700	99.100	99.100	99.100	37.700	37.700	99.100
0.000	3797689406.008	99.100	99.100	99.100	37.700	99.100	99.100	99.100	37.700	37.700	99.100
0.000	3797689406.015	99.100	99.100	99.100	37.700	99.100	99.100	99.100	37.700	37.700	99.100
0.000	3797689406.022	99.100	99.100	99.100	37.700	99.100	99.100	99.100	37.700	37.700	99.100
0.000	3797689406.028	99.100	99.100	99.100	37.700	99.100	99.100	99.100	37.700	37.700	99.100
0.000	3797689406.041	99.100	99.100	99.100	37.700	99.100	99.100	99.100	37.700	37.700	99.100
0.000	3797689406.041	99.100	99.100	99.100	37.700	99.100	99.100	99.100	37.700	37.700	99.100
0.000	3797689406.048	99.100	99.100	99.100	37.700	99.100	99.100	99.100	37.700	37.700	99.100
0.000	3797689406.055	99.100	99.100	99.100	37.700	99.100	99.100	99.100	37.700	37.700	99.100
0.000	3797689406.062	99.100	99.100	99.100	37.700	99.100	99.100	99.100	37.700	37.700	99.100
0.000	3797689406.068	99.100	99.100	99.100	37.700	99.100	99.100	99.100	37.700	37.700	99.100
0.000	3797689406.076	99.100	99.100	99.100	37.700	99.100	99.100	99.100	37.700	37.700	99.100
0.000	3797689406.082	99.100	99.100	99.100	37.700	99.100	99.100	99.100	37.700	37.700	99.100
0.000	3797689406.089	99.100	99.100	99.100	37.700	99.100	99.100	99.100	37.700	37.700	99.100
0.000	3797689406.095	99.100	99.100	99.100	37.700	99.100	99.100	99.100	37.700	37.700	99.100
0.000	3797689406.102	99.100	99.100	99.100	37.700	99.100	99.100	99.100	37.700	37.700	99.100
0.000	3797689406.109	99.100	99.100	99.100	37.700	99.100	99.100	99.100	37.700	37.700	99.100
0.000	3797689406.116	99.100	99.100	99.100	37.700	99.100	99.100	99.100	37.700	37.700	99.100
0.000	3797689406.122	99.100	99.100	99.100	37.700	99.100	99.100	99.100	37.700	37.700	99.100
0.000	3797689406.128	99.100	99.100	99.100	37.700	99.100	99.100	99.100	37.700	37.700	99.100
0.000	3797689406.135	99.100	99.100	99.100	37.700	99.100	99.100	99.100	37.700	37.700	99.100
0.000	3797689406.142	99.100	99.100	99.100	37.700	99.100	99.100	99.100	37.700	37.700	99.100
0.000	3797689406.149	99.100	99.100	99.100	37.700	99.100	99.100	99.100	37.700	37.700	99.100
0.000	3797689406.156	99.100	99.100	99.100	37.700	99.100	99.100	99.100	37.700	37.700	99.100
0.000	3797689406.162	99.100	99.100	99.100	37.700	99.100	99.100	99.100	37.700	37.700	99.100
0.000	3797689406.169	99.100	99.100	99.100	37.700	99.100	99.100	99.100	37.700	37.700	99.100
0.000	3797689406.175	99.100	99.100	99.100	37.700	99.100	99.100	99.100	37.700	37.700	99.100
0.000	3797689406.181	99.100	99.100	99.100	37.700	99.100	99.100	99.100	37.700	37.700	99.100
0.000	3797689406.188	99.100	99.100	99.100	37.700	99.100	99.100	99.100	37.700	37.700	99.100
0.000	3797689406.194	99.100	99.100	99.100	37.700	99.100	99.100	99.100	37.700	37.700	99.100
0.000	3797689406.201	99.100	99.100	99.100	37.700	99.100	99.100	99.100	37.700	37.700	99.100
0.000	3797689406.208	99.100	99.100	99.100	37.700	99.100	99.100	99.100	37.700	37.700	99.100
0.000	3797689406.215	99.100	99.100	99.100	37.700	99.100	99.100	99.100	37.700	37.700	99.100
0.000	3797689406.221	99.100	99.100	99.100	37.700	99.100	99.100	99.100	37.700	37.700	99.100
0.000	3797689406.228	99.100	99.100	99.100	37.700	99.100	99.100	99.100	37.700	37.700	99.100
0.000	3797689406.234	99.100	99.100	99.100	37.700	99.100	99.100	99.100	37.700	37.700	99.100
0.000	3797689406.241	99.100	99.100	99.100	37.700	99.100	99.100	99.100	37.700	37.700	99.100
0.000	3797689406.248	99.100	99.100	99.100	37.700	99.100	99.100	99.100	37.700	37.700	99.100
0.000	3797689406.254	99.100	99.100	99.100	37.700	99.100	99.100	99.100	37.700	37.700	99.100
0.000	3797689406.262	99.100	99.100	99.100	37.700	99.100	99.100	99.100	37.700	37.700	99.100
0.000	3797689406.268	99.100	99.100	99.100	37.700	99.100	99.100	99.100	37.700	37.700	99.100
0.000	3797689406.276	99.100	99.100	99.100	37.700	99.100	99.100	99.100	37.700	37.700	99.100
0.000	3797689406.283	99.100	99.100	99.100	37.700	99.100	99.100	99.100	37.700	37.700	99.100
0.000	3797689406.290	99.100	99.100	99.100	37.700	99.100	99.100	99.100	37.700	37.700	99.100
0.000	3797689406.298	99.100	99.100	99.100	37.700	99.100	99.100	99.100	37.700	37.700	99.100
0.000	3797689406.305	99.100	99.100	99.100	37.700	99.100	99.100	99.100	37.700	37.700	99.100
0.000	3797689406.311	99.100	99.100	99.100	37.700	99.100	99.100	99.100	37.700	37.700	99.100
0.000	3797689406.318	99.100	99.100	99.100	37.700	99.100	99.100	99.100	37.700	37.700	99.100
0.000	3797689406.324	99.100	99.100	99.100	37.700	99.100	99.100	99.100	37.700	37.700	99.100
0.000	3797689406.331	99.100	99.100	99.100	37.700	99.100	99.100	99.100	37.700	37.700	99.100
0.000	3797689406.338	99.100	99.100	99.100	37.700	99.100	99.100	99.100	37.700	37.700	99.100
0.000	3797689406.344	99.100	99.100	99.100	37.700	99.100	99.100	99.100	37.700	37.700	99.100
0.000	3797689406.351	99.100	99.100	99.100	37.700	99.100	99.100	99.100	37.700	37.700	99.100
0.000	3797689406.358	99.100	99.100	99.100	37.700	99.100	99.100	99.100	37.700	37.700	99.100
0.000	3797689406.364	99.100	99.100	99.100	37.700	99.100	99.100	99.100	37.700	37.700	99.100
0.000	3797689406.371	99.100	99.100	99.100	37.700	99.100	99.100	99.100	37.700	37.700	99.100
0.000	3797689406.380	99.100	99.100	99.100	37.700	99.100	99.100	99.100	37.700	37.700	99.100
0.000	3797689406.387	99.100	99.100	99.100	37.700	99.100	99.100	99.100	37.700	37.700	99.100
0.000	3797689406.394	99.100	99.100	99.100	37.700	99.100	99.100	99.100	37.700	37.700	99.100
0.000	3797689406.401	99.100	99.100	99.100	37.700	99.100	99.100	99.100	37.700	37.700	99.100
0.000	3797689406.408	99.100	99.100	99.100	37.700	99.100	99.100	99.100	37.700	37.700	99.100
0.000	3797689406.415	99.100	99.100	99.100	37.700	99.100	99.100	99.100	37.700	37.700	99.100
0.000	3797689406.421	99.100	99.100	99.100	37.700	99.100	99.100	99.100	37.700	37.700	99.100
0.000	3797689406.428	99.100	99.100	99.100	37.700	99.100	99.100	99.100	37.700	37.700	99.100
0.000	3797689406.434	99.100	99.100	99.100	37.700	99.100	99.100	99.100	37.700	37.700	99.100
0.000	3797689406.441	99.100	99.100	99.100	37.700	99.100	99.100	99.100	37.700	37.700	99.100
0.000	3797689406.447	99.100	99.100	99.100	37.700	99.100	99.100	99.100	37.700	37.700	99.100
0.000	3797689406.454	99.100	99.100	99.100	37.700	99.100	99.100	99.100	37.700	37.700	99.100
0.000	3797689406.460	99.100	99.100	99.100	37.700	99.100	99.100	99.100	37.700	37.700	99.100
0.000	3797689406.467	99.100	99.100	99.100	37.700	99.100	99.100	99.100	37.700	37.700	99.100
0.000	3797689406.473	99.100	99.100	99.100	37.700	99.100	99.100	99.100	37.700	37.700	99.100
0.000	3797689406.480	99.100	99.100	99.100	37.700	99.100	99.100	99.100	37.700	37.700	99.100
0.000	3797689406.487	99.100	99.100	99.100	37.700	99.100	99.100	99.100	37.700	37.700	99.100
0.000	3797689406.494	99.100	99.100	99.100	37.700	99.100	99.100	99.100	37.700	37.700	99.100
0.000	3797689406.501	99.100	99.100	99.100	37.700	99.100	99.100	99.100	37.700	37.700	99.100
0.000	3797689406.508	99.100	99.100	99.100	37.700	99.100	99.100	99.100	37.700	37.700	99.100
0.000	3797689406.515	99.100	99.100	99.100	37.700	99.100	99.100	99.100	37.700	37.700	99.100
0.000	3797689406.522	99.100	99.100	99.100	37.700	99.100	99.100	99.100	37.700	37.700	99.100
0.000	3797689406.529	99.100	99.100	99.100	37.700	99.100	99.100	99.100	37.700	37.700	99.100
0.000	3797689406.536	99.100	99.100	99.100	37.700	99.100	99.100	99.100	37.700	37.700	99.100
0.000	3797689406.542	99.100	99.100	99.100	37.700	99.100	99.100	99.100	37.700	37.700	99.100
0.000	3797689406.549	99.100	99.100	99.100	37.700	99.100	99.100	99.100	37.700	37.700	99.100
0.000	3797689406.555	99.100	99.100	99.100	37.700	99.100	99.100	99.100	37.700	37.700	99.100
0.000	3797689406.562	99.100	99.100	99.100	37.700	99.100	99.100	99.100	37.700	37.700	99.100
0.000	3797689406.569	99.100	99.100	99.100	37.700	99.100	99.100	99.100	37.700	37.700	99.100
0.000	3797689406.576	99.100	99.100	99.100	37.700	99.100	99.100	99.100	37.700	37.700	99.100
0.000	3797689406.582	99.100	99.100	99.100	37.700	99.100	99.100	99.100	37.700	37.700	99.100
0.000	3797689406.589	99.100	99.100	99.100	37.700	99.100	99.100	99.100	37.700	37.700	99.100
0.000	3797689406.595	99.100	99.100	99.100	37.700	99.100	99.100	99.100	37.700	37.700	99.100
0.000	3797689406.602	99.100	99.100	99.100	37.700	99.100	99.100	99.100	37.700	37.700	99.100
0.000	3797689406.608	99.100	99.100	99.100	37.700	99.100	99.100	99.100	37.700	37.700	99.100
0.000	3797689406.615	99.100	99.100	99.100	37.700	99.100	99.100	99.100	37.700	37.700	99.100
0.000	3797689406.621	99.100	99.100	99.100	37.700	99.100	99.100	99.100	37.700	37.700	99.100
0.000	3797689406.628	99.100	99.100	99.100	37.700	99.100	99.100	99.100	37.700	37.700	99.100
0.000	3797689406.636	99.100	99.100	99.100	37.700	99.100	99.100	99.100	37.700	37.700	99.100
0.000	3797689406.643	99.100	99.100	99.100	37.700	99.100	99.100	99.100	37.700	37.700	99.100
0.000	3797689406.649	99.100	99.100	99.100	37.700	99.100	99.100	99.100	37.700	37.700	99.100
0.000	3797689406.657	99.100	99.100	99.100	37.700	99.100	99.100	99.100	37.700	37.700	99.100
0.000	3797689406.663	99.100	99.100	99.100	37.700	99.100	99.100	99.100	37.700	37.700	99.100
0.000	3797689406.670	99.100	99.100	99.100	37.700	99.100	99.100	99.100	37.700	37.700	99.100
0.000	3797689406.676	99.100	99.100	99.100	37.700	99.100	99.100	99.100	37.700	37.700	99.100
0.000	3797689406.682	99.100	99.100	99.100	37.700	99.100	99.100	99.100	37.700	37.700	99.100
0.000	3797689406.689	99.100	99.100	99.100	37.700	99.100	99.100	99.100	37.700	37.700	99.100
0.000	3797689406.696	99.100	99.100	99.100	37.700	99.100	99.100	99.100	37.700	37.700	99.100
0.000	3797689406.702	99.100	99.100	99.100	37.700	99.100	99.100	99.100	37.700	37.700	99.100
0.000	3797689406.709	99.100	99.100	99.100	37.700	99.100	99.100	99.100	37.700	37.700	99.100
0.000	3797689406.715	99.100	99.100	99.100	37.700	99.100	99.100	99.100	37.700	37.700	99.100
0.000	3797689406.722	99.100	99.100	99.100	37.700	99.100	99.100	99.100	37.700	37.700	99.100
0.000	3797689406.729	99.100	99.100	99.100	37.700	99.100	99.100	99.100	37.700	37.700	99.100
0.000	3797689406.735	99.100	99.100	99.100	37.700	99.100	99.100	99.100	37.700	37.700	99.100
0.000	3797689406.742	99.100	99.100	99.100	37.700	99.100	99.100	99.100	37.700	37.700	99.100
0.000	3797689406.749	99.100	99.100	99.100	37.700	99.100	99.100	99.100	37.700	37.700	99.100
0.000	3797689406.755	99.100	99.100	99.100	37.700	99.100	99.100	99.100	37.700	37.700	99.100
0.000	3797689406.762	99.100	99.100	99.100	37.700	99.100	99.100	99.100	37.700	37.700	99.100
0.000	3797689406.768	99.100	99.100	99.100	37.700	99.100	99.100	99.100	37.700	37.700	99.100
0.000	3797689406.775	99.100	99.100	99.100	37.700	99.100	99.100	99.100	37.700	37.700	99.100
0.000	3797689406.782	99.100	99.100	99.100	37.700	99.100	99.100	99.100	37.700	37.700	99.100
0.000	3797689406.788	99.100	99.100	99.100	37.700	99.100	99.100	99.100	37.700	37.700	99.100
0.000	3797689406.795	99.100	99.100	99.100	37.700	99.100	99.100	99.100	37.700	37.700	99.100
0.000	3797689406.802	99.100	99.100	99.100	37.700	99.100	99.100	99.100	37.700	37.700	99.100
0.000	3797689406.809	99.100	99.100	99.100	37.700	99.100	99.100	99.100	37.700	37.700	99.100
0.000	3797689406.819	99.100	99.100	99.100	37.700	99.100	99.100	99.100	37.700	37.700	99.100
0.000	3797689406.825	99.100	99.100	99.100	37.700	99.100	99.100	99.100	37.700	37.700	99.100
0.000	3797689406.832	99.100	99.100	99.100	37.700	99.100	99.100	99.100	37.700	37.700	99.100
0.000	3797689406.838	99.100	99.100	99.100	37.700	99.100	99.100	99.100	37.700	37.700	99.100
0.000	3797689406.845	99.100	99.100	99.100	37.700	99.100	99.100	99.100	37.700	37.700	99.100
0.000	3797689406.852	99.100	99.100	99.100	37.700	99.100	99.100	99.100	37.700	37.700	99.100
0.000	3797689406.859	99.100	99.100	99.100	37.700	99.100	99.100	99.100	37.700	37.700	99.100
0.000	3797689406.866	99.100	99.100	99.100	37.700	99.100	99.100	99.100	37.700	37.700	99.100
0.000	3797689406.873	99.100	99.100	99.100	37.700	99.100	99.100	99.100	37.700	37.700	99.100
0.000	3797689406.880	99.100	99.100	99.100	37.700	99.100	99.100	99.100	37.700	37.700	99.100
0.000	3797689406.886	99.100	99.100	99.100	37.700	99.100	99.100	99.100	37.700	37.700	99.100
0.000	3797689406.893	99.100	99.100	99.100	37.700	99.100	99.100	99.100	37.700	37.700	99.100
0.000	3797689406.899	99.100	99.100	99.100	37.700	99.100	99.100	99.100	37.700	37.700	99.100
0.000	3797689406.906	99.100	99.100	99.100	37.700	99.100	99.100	99.100	37.700	37.700	99.100
0.000	3797689406.913	99.100	99.100	99.100	37.700	99.100	99.100	99.100	37.700	37.700	99.100
0.000	3797689406.921	99.100	99.100	99.100	37.700	99.100	99.100	99.100	37.700	37.700	99.100
0.000	3797689406.927	99.100	99.100	99.100	37.700	99.100	99.100	99.100	37.700	37.700	99.100
0.000	3797689406.936	99.100	99.100	99.100	37.700	99.100	99.100	99.100	37.700	37.700	99.100
0.000	3797689406.942	99.100	99.100	99.100	37.700	99.100	99.100	99.100	37.700	37.700	99.100
0.000	3797689406.949	99.100	99.100	99.100	37.700	99.100	99.100	99.100	37.700	37.700	99.100
0.000	3797689406.956	99.100	99.100	99.100	37.700	99.100	99.100	99.100	37.700	37.700	99.100
0.000	3797689406.963	99.100	99.100	99.100	37.700	99.100	99.100	99.100	37.700	37.700	99.100
0.000	3797689406.970	99.100	99.100	99.100	37.700	99.100	99.100	99.100	37.700	37.700	99.100
0.000	3797689406.976	99.100	99.100	99.100	37.700	99.100	99.100	99.100	37.700	37.700	99.100
0.000	3797689406.984	99.100	99.100	99.100	37.700	99.100	99.100	99.100	37.700	37.700	99.100
0.000	3797689406.991	99.100	99.100	99.100	37.700	99.100	99.100	99.100	37.700	37.700	99.100
0.000	3797689406.998	99.100	99.100	99.100	37.700	99.100	99.100	99.100	37.700	37.700	99.100
0.000	3797689407.005	99.100	99.100	99.100	37.700	99.100	99.100	99.100	37.700	37.700	99.100
0.000	3797689407.011	99.100	99.100	99.100	37.700	99.100	99.100	99.100	37.700	37.700	99.100
0.000	3797689407.018	99.100	99.100	99.100	37.700	99.100	99.100	99.100	37.700	37.700	99.100
0.000	3797689407.029	99.100	99.100	99.100	37.700	99.100	99.100	99.100	37.700	37.700	99.100
0.000	3797689407.036	99.100	99.100	99.100	37.700	99.100	99.100	99.100	37.700	37.700	99.100
0.000	3797689407.042	99.100	99.100	99.100	37.700	99.100	99.100	99.100	37.700	37.700	99.100
0.000	3797689407.049	99.100	99.100	99.100	37.700	99.100	99.100	99.100	37.700	37.700	99.100
0.000	3797689407.055	99.100	99.100	99.100	37.700	99.100	99.100	99.100	37.700	37.700	99.100
0.000	3797689407.063	99.100	99.100	99.100	37.700	99.100	99.100	99.100	37.700	37.700	99.100
0.000	3797689407.070	99.100	99.100	99.100	37.700	99.100	99.100	99.100	37.700	37.700	99.100
0.000	3797689407.077	99.100	99.100	99.100	37.700	99.100	99.100	99.100	37.700	37.700	99.100
0.000	3797689407.084	99.100	99.100	99.100	37.700	99.100	99.100	99.100	37.700	37.700	99.100
0.000	3797689407.091	99.100	99.100	99.100	37.700	99.100	99.100	99.100	37.700	37.700	99.100
0.000	3797689407.097	99.100	99.100	99.100	37.700	99.100	99.100	99.100	37.700	37.700	99.100
0.000	3797689407.104	99.100	99.100	99.100	37.700	99.100	99.100	99.100	37.700	37.700	99.100
0.000	3797689407.112	99.100	99.100	99.100	37.700	99.100	99.100	99.100	37.700	37.700	99.100
0.000	3797689407.118	99.100	99.100	99.100	37.700	99.100	99.100	99.100	37.700	37.700	99.100
0.000	3797689407.126	99.100	99.100	99.100	37.700	99.100	99.100	99.100	37.700	37.700	99.100
0.000	3797689407.132	99.100	99.100	99.100	37.700	99.100	99.100	99.100	37.700	37.700	99.100
0.000	3797689407.139	99.100	99.100	99.100	37.700	99.100	99.100	99.100	37.700	37.700	99.100
0.000	3797689407.145	99.100	99.100	99.100	37.700	99.100	99.100	99.100	37.700	37.700	99.100
0.000	3797689407.152	99.100	99.100	99.100	37.700	99.100	99.100	99.100	37.700	37.700	99.100
0.000	3797689407.159	99.100	99.100	99.100	37.700	99.100	99.100	99.100	37.700	37.700	99.100
0.000	3797689407.165	99.100	99.100	99.100	37.700	99.100	99.100	99.100	37.700	37.700	99.100
0.000	3797689407.172	99.100	99.100	99.100	37.700	99.100	99.100	99.100	37.700	37.700	99.100
0.000	3797689407.178	99.100	99.100	99.100	37.700	99.100	99.100	99.100	37.700	37.700	99.100
0.000	3797689407.185	99.100	99.100	99.100	37.700	99.100	99.100	99.100	37.700	37.700	99.100
0.000	3797689407.192	99.100	99.100	99.100	37.700	99.100	99.100	99.100	37.700	37.700	99.100
0.000	3797689407.199	99.100	99.100	99.100	37.700	99.100	99.100	99.100	37.700	37.700	99.100
0.000	3797689407.208	99.100	99.100	99.100	37.700	99.100	99.100	99.100	37.700	37.700	99.100
0.000	3797689407.215	99.100	99.100	99.100	37.700	99.100	99.100	99.100	37.700	37.700	99.100
0.000	3797689407.222	99.100	99.100	99.100	37.700	99.100	99.100	99.100	37.700	37.700	99.100
0.000	3797689407.228	99.100	99.100	99.100	37.700	99.100	99.100	99.100	37.700	37.700	99.100
0.000	3797689407.235	99.100	99.100	99.100	37.700	99.100	99.100	99.100	37.700	37.700	99.100
0.000	3797689407.242	99.100	99.100	99.100	37.700	99.100	99.100	99.100	37.700	37.700	99.100
0.000	3797689407.249	99.100	99.100	99.100	37.700	99.100	99.100	99.100	37.700	37.700	99.100
0.000	3797689407.256	99.100	99.100	99.100	37.700	99.100	99.100	99.100	37.700	37.700	99.100
0.000	3797689407.262	99.100	99.100	99.100	37.700	99.100	99.100	99.100	37.700	37.700	99.100
0.000	3797689407.269	99.100	99.100	99.100	37.700	99.100	99.100	99.100	37.700	37.700	99.100
0.000	3797689407.276	99.100	99.100	99.100	37.700	99.100	99.100	99.100	37.700	37.700	99.100
0.000	3797689407.282	99.100	99.100	99.100	37.700	99.100	99.100	99.100	37.700	37.700	99.100
0.000	3797689407.289	99.100	99.100	99.100	37.700	99.100	99.100	99.100	37.700	37.700	99.100
0.000	3797689407.296	99.100	99.100	99.100	37.700	99.100	99.100	99.100	37.700	37.700	99.100
0.000	3797689407.302	99.100	99.100	99.100	37.700	99.100	99.100	99.100	37.700	37.700	99.100
0.000	3797689407.309	99.100	99.100	99.100	37.700	99.100	99.100	99.100	37.700	37.700	99.100
0.000	3797689407.317	99.100	99.100	99.100	37.700	99.100	99.100	99.100	37.700	37.700	99.100
0.000	3797689407.323	99.100	99.100	99.100	37.700	99.100	99.100	99.100	37.700	37.700	99.100
0.000	3797689407.330	99.100	99.100	99.100	37.700	99.100	99.100	99.100	37.700	37.700	99.100
0.000	3797689407.336	99.100	99.100	99.100	37.700	99.100	99.100	99.100	37.700	37.700	99.100
0.000	3797689407.343	99.100	99.100	99.100	37.700	99.100	99.100	99.100	37.700	37.700	99.100
0.000	3797689407.349	99.100	99.100	99.100	37.700	99.100	99.100	99.100	37.700	37.700	99.100
0.000	3797689407.356	99.100	99.100	99.100	37.700	99.100	99.100	99.100	37.700	37.700	99.100
0.000	3797689407.362	99.100	99.100	99.100	37.700	99.100	99.100	99.100	37.700	37.700	99.100
0.000	3797689407.369	99.100	99.100	99.100	37.700	99.100	99.100	99.100	37.700	37.700	99.100
0.000	3797689407.375	99.100	99.100	99.100	37.700	99.100	99.100	99.100	37.700	37.700	99.100
0.000	3797689407.382	99.100	99.100	99.100	37.700	99.100	99.100	99.100	37.700	37.700	99.100
0.000	3797689407.389	99.100	99.100	99.100	37.700	99.100	99.100	99.100	37.700	37.700	99.100
0.000	3797689407.395	99.100	99.100	99.100	37.700	99.100	99.100	99.100	37.700	37.700	99.100
0.000	3797689407.402	99.100	99.100	99.100	37.700	99.100	99.100	99.100	37.700	37.700	99.100
0.000	3797689407.409	99.100	99.100	99.100	37.700	99.100	99.100	99.100	37.700	37.700	99.100
0.000	3797689407.416	99.100	99.100	99.100	37.700	99.100	99.100	99.100	37.700	37.700	99.100
0.000	3797689407.423	99.100	99.100	99.100	37.700	99.100	99.100	99.100	37.700	37.700	99.100
0.000	3797689407.431	99.100	99.100	99.100	37.700	99.100	99.100	99.100	37.700	37.700	99.100
0.000	3797689407.438	99.100	99.100	99.100	37.700	99.100	99.100	99.100	37.700	37.700	99.100
0.000	3797689407.444	99.100	99.100	99.100	37.700	99.100	99.100	99.100	37.700	37.700	99.100
0.000	3797689407.452	99.100	99.100	99.100	37.700	99.100	99.100	99.100	37.700	37.700	99.100
0.000	3797689407.458	99.100	99.100	99.100	37.700	99.100	99.100	99.100	37.700	37.700	99.100
0.000	3797689407.465	99.100	99.100	99.100	37.700	99.100	99.100	99.100	37.700	37.700	99.100
0.000	3797689407.471	99.100	99.100	99.100	37.700	99.100	99.100	99.100	37.700	37.700	99.100
0.000	3797689407.479	99.100	99.100	99.100	37.700	99.100	99.100	99.100	37.700	37.700	99.100
0.000	3797689407.485	99.100	99.100	99.100	37.700	99.100	99.100	99.100	37.700	37.700	99.100
0.000	3797689407.492	99.100	99.100	99.100	37.700	99.100	99.100	99.100	37.700	37.700	99.100
0.000	3797689407.499	99.100	99.100	99.100	37.700	99.100	99.100	99.100	37.700	37.700	99.100
0.000	3797689407.506	99.100	99.100	99.100	37.700	99.100	99.100	99.100	37.700	37.700	99.100
0.000	3797689407.512	99.100	99.100	99.100	37.700	99.100	99.100	99.100	37.700	37.700	99.100
0.000	3797689407.519	99.100	99.100	99.100	37.700	99.100	99.100	99.100	37.700	37.700	99.100
0.000	3797689407.525	99.100	99.100	99.100	37.700	99.100	99.100	99.100	37.700	37.700	99.100
0.000	3797689407.532	99.100	99.100	99.100	37.700	99.100	99.100	99.100	37.700	37.700	99.100
0.000	3797689407.539	99.100	99.100	99.100	37.700	99.100	99.100	99.100	37.700	37.700	99.100
0.000	3797689407.545	99.100	99.100	99.100	37.700	99.100	99.100	99.100	37.700	37.700	99.100
0.000	3797689407.552	99.100	99.100	99.100	37.700	99.100	99.100	99.100	37.700	37.700	99.100
0.000	3797689407.559	99.100	99.100	99.100	37.700	99.100	99.100	99.100	37.700	37.700	99.100
0.000	3797689407.565	99.100	99.100	99.100	37.700	99.100	99.100	99.100	37.700	37.700	99.100
0.000	3797689407.572	99.100	99.100	99.100	37.700	99.100	99.100	99.100	37.700	37.700	99.100
0.000	3797689407.578	99.100	99.100	99.100	37.700	99.100	99.100	99.100	37.700	37.700	99.100
0.000	3797689407.585	99.100	99.100	99.100	37.700	99.100	99.100	99.100	37.700	37.700	99.100
0.000	3797689407.592	99.100	99.100	99.100	37.700	99.100	99.100	99.100	37.700	37.700	99.100
0.000	3797689407.598	99.100	99.100	99.100	37.700	99.100	99.100	99.100	37.700	37.700	99.100
0.000	3797689407.605	99.100	99.100	99.100	37.700	99.100	99.100	99.100	37.700	37.700	99.100
0.000	3797689407.611	99.100	99.100	99.100	37.700	99.100	99.100	99.100	37.700	37.700	99.100
0.000	3797689407.618	99.100	99.100	99.100	37.700	99.100	99.100	99.100	37.700	37.700	99.100
0.000	3797689407.625	99.100	99.100	99.100	37.700	99.100	99.100	99.100	37.700	37.700	99.100
0.000	3797689407.631	99.100	99.100	99.100	37.700	99.100	99.100	99.100	37.700	37.700	99.100
0.000	3797689407.638	99.100	99.100	99.100	37.700	99.100	99.100	99.100	37.700	37.700	99.100
0.000	3797689407.644	99.100	99.100	99.100	37.700	99.100	99.100	99.100	37.700	37.700	99.100
0.000	3797689407.651	99.100	99.100	99.100	37.700	99.100	99.100	99.100	37.700	37.700	99.100
0.000	3797689407.658	99.100	99.100	99.100	37.700	99.100	99.100	99.100	37.700	37.700	99.100
0.000	3797689407.664	99.100	99.100	99.100	37.700	99.100	99.100	99.100	37.700	37.700	99.100
0.000	3797689407.671	99.100	99.100	99.100	37.700	99.100	99.100	99.100	37.700	37.700	99.100
0.000	3797689407.677	99.100	99.100	99.100	37.700	99.100	99.100	99.100	37.700	37.700	99.100
0.000	3797689407.684	99.100	99.100	99.100	37.700	99.100	99.100	99.100	37.700	37.700	99.100
0.000	3797689407.691	99.100	99.100	99.100	37.700	99.100	99.100	99.100	37.700	37.700	99.100
0.000	3797689407.698	99.100	99.100	99.100	37.700	99.100	99.100	99.100	37.700	37.700	99.100
0.000	3797689407.704	99.100	99.100	99.100	37.700	99.100	99.100	99.100	37.700	37.700	99.100
0.000	3797689407.711	99.100	99.100	99.100	37.700	99.100	99.100	99.100	37.700	37.700	99.100
0.000	3797689407.717	99.100	99.100	99.100	37.700	99.100	99.100	99.100	37.700	37.700	99.100
0.000	3797689407.724	99.100	99.100	99.100	37.700	99.100	99.100	99.100	37.700	37.700	99.100
0.000	3797689407.731	99.100	99.100	99.100	37.700	99.100	99.100	99.100	37.700	37.700	99.100
0.000	3797689407.738	99.100	99.100	99.100	37.700	99.100	99.100	99.100	37.700	37.700	99.100
0.000	3797689407.744	99.100	99.100	99.100	37.700	99.100	99.100	99.100	37.700	37.700	99.100
0.000	3797689407.751	99.100	99.100	99.100	37.700	99.100	99.100	99.100	37.700	37.700	99.100
0.000	3797689407.758	99.100	99.100	99.100	37.700	99.100	99.100	99.100	37.700	37.700	99.100
0.000	3797689407.764	99.100	99.100	99.100	37.700	99.100	99.100	99.100	37.700	37.700	99.100
0.000	3797689407.770	99.100	99.100	99.100	37.700	99.100	99.100	99.100	37.700	37.700	99.100
0.000	3797689407.778	99.100	99.100	99.100	37.700	99.100	99.100	99.100	37.700	37.700	99.100
0.000	3797689407.785	99.100	99.100	99.100	37.700	99.100	99.100	99.100	37.700	37.700	99.100
0.000	3797689407.791	99.100	99.100	99.100	37.700	99.100	99.100	99.100	37.700	37.700	99.100
0.000	3797689407.798	99.100	99.100	99.100	37.700	99.100	99.100	99.100	37.700	37.700	99.100
0.000	3797689407.805	99.100	99.100	99.100	37.700	99.100	99.100	99.100	37.700	37.700	99.100
0.000	3797689407.812	99.100	99.100	99.100	37.700	99.100	99.100	99.100	37.700	37.700	99.100
0.000	3797689407.819	99.100	99.100	99.100	37.700	99.100	99.100	99.100	37.700	37.700	99.100
0.000	3797689407.825	99.100	99.100	99.100	37.700	99.100	99.100	99.100	37.700	37.700	99.100
0.000	3797689407.832	99.100	99.100	99.100	37.700	99.100	99.100	99.100	37.700	37.700	99.100
0.000	3797689407.838	99.100	99.100	99.100	37.700	99.100	99.100	99.100	37.700	37.700	99.100
0.000	3797689407.846	99.100	99.100	99.100	37.700	99.100	99.100	99.100	37.700	37.700	99.100
0.000	3797689407.853	99.100	99.100	99.100	37.700	99.100	99.100	99.100	37.700	37.700	99.100
0.000	3797689407.860	99.100	99.100	99.100	37.700	99.100	99.100	99.100	37.700	37.700	99.100
0.000	3797689407.868	99.100	99.100	99.100	37.700	99.100	99.100	99.100	37.700	37.700	99.100
0.000	3797689407.876	99.100	99.100	99.100	37.700	99.100	99.100	99.100	37.700	37.700	99.100
0.000	3797689407.884	99.100	99.100	99.100	37.700	99.100	99.100	99.100	37.700	37.700	99.100
0.000	3797689407.891	99.100	99.100	99.100	37.700	99.100	99.100	99.100	37.700	37.700	99.100
0.000	3797689407.898	99.100	99.100	99.100	37.700	99.100	99.100	99.100	37.700	37.700	99.100
